00000000000000000000000000000000000000000000000000000000000000000000000000000000
00000000000000000000000000000000000000000000000000000000000000000000000000000000
00000000000000000000000000000000000000000000000000000000000000000000000000000000
00000000000000000000000000000000000000000000000000000000000000000000000000000000
00000000000000000000000000000000000000000000000000000000000000000000000000000000
00000000000000000000000000000000000000000000000000000000000000000000000000000000
00000000000000000000000000000000000000000000000000000000000000000000000000000000
00000000000000000000000000000000000000000000000000000000000000000000000000000000
00000000000000000000000000000000000000000000000000000000000000000000000000000000
00000000000000000000000000000000000000000000000000000000000000000000000000000000
00000000000000000000000000000000000000000000000000000000000000000000000000000000
00000111111111111111111111111111111111111111111111111111111111111111111111100000
00000111111111111111111111111111111111111111111111111111111111111111111111100000
00000111111111111111111111111111111111111111111111111111111111111111111111100000
00000111111111111111111111111111111111111111111111111111111111111111111111100000
00000111111111111111111111111111111111111111111111111111111111111111111111100000
00000111111111111111111111111111111111111111111111111111111111111111111111100000
00000111111111111111111111111111111111111111111111111111111111111111111111100000
00000111111111111111111111111111111111111111111111111111111111111111111111100000
00000111111111111111111111111111111111111111111111111111111111111111111111100000
00000111111111111111111111111111111111111111111111111111111111111111111111100000
00000111111111111111111111111111111111111111111111111111111111111111111111100000
00000111111111111111111111111111111111111111111111111111111111111111111111100000
00000111111111111111111111111111111111111111111111111111111111111111111111100000
00000111111111111111111111111111111111111111111111111111111111111111111111100000
00000111111111111110000000000000000000000000000000000000000000000000000000000000
00000111111111111110000000000000000000000000000000000000000000000000000000000000
00000111111111111110000000000000000000000000000000000000000000000000000000000000
00000111111111111110000000000000000000000000000000000000000000000000000000000000
00000111111111111110000000000000000000000000000000000000000000000000000000000000
00000111111111111110000000000000000000000000000000000000000000000000000000000000
00000111111111111110000000000000000000000000000000000000000000000000000000000000
00000111111111111110000000000000000000000000000000000000000000000000000000000000
00000111111111111110000000000000000000000000000000000000000000000000000000000000
00000111111111111110000000000000000000000000000000000000000000000000000000000000
00000111111111111110000000000000000000000000000000000000000000000000000000000000
00000111111111111110000000000000000000000000000000000000000000000000000000000000
00000111111111111110000000000000000000000000000000000000000000000000000000000000
00000111111111111110000000000000000000000000000000000000000000000000000000000000
00000111111111111110000000000000000000000000000000000000000000000000000000000000
00000111111111111110000000000000000000000000000000000000000000000000000000000000
00000111111111111110000000000000000000000000000000000000000000000000000000000000
00000111111111111110000000000000000000000000000000000000000000000000000000000000
00000111111111111110000000000000000000000000000000000000000000000000000000000000
00000111111111111110000000000000000000000000000000000000000000000000000000000000
00000111111111111110000000000000000000000000000000000000000000000000000000000000
00000111111111111110000000000000000000000000000000000000000000000000000000000000
00000111111111111110000000000000000000000000000000000000000000000000000000000000
00000111111111111110000000000000000000000000000000000000000000000000000000000000
00000111111111111110000000000000000000000000000000000000000000000000000000000000
00000111111111111110000000000000000000000000000000000000000000000000000000000000
00000111111111111110000000000000000000000000000000000000000000000000000000000000
00000111111111111110000000000000000000000000000000000000000000000000000000000000
00000111111111111111111111111111111111111111111111111111111110000000000000000000
00000111111111111111111111111111111111111111111111111111111110000000000000000000
00000111111111111111111111111111111111111111111111111111111110000000000000000000
00000111111111111111111111111111111111111111111111111111111110000000000000000000
00000111111111111111111111111111111111111111111111111111111110000000000000000000
00000111111111111111111111111111111111111111111111111111111110000000000000000000
00000111111111111111111111111111111111111111111111111111111110000000000000000000
00000111111111111111111111111111111111111111111111111111111110000000000000000000
00000111111111111111111111111111111111111111111111111111111110000000000000000000
00000111111111111111111111111111111111111111111111111111111110000000000000000000
00000111111111111111111111111111111111111111111111111111111110000000000000000000
00000111111111111111111111111111111111111111111111111111111110000000000000000000
00000111111111111111111111111111111111111111111111111111111110000000000000000000
00000111111111111111111111111111111111111111111111111111111110000000000000000000
00000000000000000000000000000000000000000000000000000000000001111111111111100000
00000000000000000000000000000000000000000000000000000000000001111111111111100000
00000000000000000000000000000000000000000000000000000000000001111111111111100000
00000000000000000000000000000000000000000000000000000000000001111111111111100000
00000000000000000000000000000000000000000000000000000000000001111111111111100000
00000000000000000000000000000000000000000000000000000000000001111111111111100000
00000000000000000000000000000000000000000000000000000000000001111111111111100000
00000000000000000000000000000000000000000000000000000000000001111111111111100000
00000000000000000000000000000000000000000000000000000000000001111111111111100000
00000000000000000000000000000000000000000000000000000000000001111111111111100000
00000000000000000000000000000000000000000000000000000000000001111111111111100000
00000000000000000000000000000000000000000000000000000000000001111111111111100000
00000000000000000000000000000000000000000000000000000000000001111111111111100000
00000000000000000000000000000000000000000000000000000000000001111111111111100000
00000000000000000000000000000000000000000000000000000000000001111111111111100000
00000000000000000000000000000000000000000000000000000000000001111111111111100000
00000000000000000000000000000000000000000000000000000000000001111111111111100000
00000000000000000000000000000000000000000000000000000000000001111111111111100000
00000000000000000000000000000000000000000000000000000000000001111111111111100000
00000000000000000000000000000000000000000000000000000000000001111111111111100000
00000000000000000000000000000000000000000000000000000000000001111111111111100000
00000000000000000000000000000000000000000000000000000000000001111111111111100000
00000000000000000000000000000000000000000000000000000000000001111111111111100000
00000000000000000000000000000000000000000000000000000000000001111111111111100000
00000000000000000000000000000000000000000000000000000000000001111111111111100000
00000000000000000000000000000000000000000000000000000000000001111111111111100000
00000000000000000000000000000000000000000000000000000000000001111111111111100000
00000000000000000000000000000000000000000000000000000000000001111111111111100000
00000111111111111111111111111111111111111111111111111111111110000000000000000000
00000111111111111111111111111111111111111111111111111111111110000000000000000000
00000111111111111111111111111111111111111111111111111111111110000000000000000000
00000111111111111111111111111111111111111111111111111111111110000000000000000000
00000111111111111111111111111111111111111111111111111111111110000000000000000000
00000111111111111111111111111111111111111111111111111111111110000000000000000000
00000111111111111111111111111111111111111111111111111111111110000000000000000000
00000111111111111111111111111111111111111111111111111111111110000000000000000000
00000111111111111111111111111111111111111111111111111111111110000000000000000000
00000111111111111111111111111111111111111111111111111111111110000000000000000000
00000111111111111111111111111111111111111111111111111111111110000000000000000000
00000111111111111111111111111111111111111111111111111111111110000000000000000000
00000111111111111111111111111111111111111111111111111111111110000000000000000000
00000111111111111111111111111111111111111111111111111111111110000000000000000000
00000000000000000000000000000000000000000000000000000000000000000000000000000000
00000000000000000000000000000000000000000000000000000000000000000000000000000000
00000000000000000000000000000000000000000000000000000000000000000000000000000000
00000000000000000000000000000000000000000000000000000000000000000000000000000000
00000000000000000000000000000000000000000000000000000000000000000000000000000000
00000000000000000000000000000000000000000000000000000000000000000000000000000000
00000000000000000000000000000000000000000000000000000000000000000000000000000000
00000000000000000000000000000000000000000000000000000000000000000000000000000000
00000000000000000000000000000000000000000000000000000000000000000000000000000000
00000000000000000000000000000000000000000000000000000000000000000000000000000000
00000000000000000000000000000000000000000000000000000000000000000000000000000000
